111
768
1537
514
1282
1540
4
1543
264
8
1293
2063
1043
787
2070
535
536
2077
29
1565
545
1314
1832
2090
1322
1581
560
1075
565
1337
571
63
65
68
2117
331
1613
1618
850
1110
1623
1627
1373
1891
1641
1900
110
111
2161
1394
1653
374
1399
2168
1144
637
127
1663
899
644
135
651
1423
1425
1427
1939
1684
1687
663
152
921
1434
668
1948
165
677
934
681
1196
1711
944
1715
185
446
448
961
451
1476
711
1228
460
973
982
732
476
224
480
737
738
1764
1766
745
750
1262
497
2034
504
1530
1275
252
254
2047
88
128
0
1
3
131
4
132
133
5
134
6
7
136
8
138
139
13
15
17
145
18
19
20
148
149
22
151
26
154
27
28
32
160
33
162
34
163
164
166
40
41
42
44
47
48
49
54
55
59
60
62
64
66
67
69
72
73
74
77
78
79
81
83
84
86
87
93
94
95
96
97
99
105
107
109
110
111
112
114
118
119
121
122
123
124
125
126
127
