235
2560
2561
1026
2
1540
2056
1035
1037
14
528
1040
2578
534
1049
1051
27
2589
32
547
1065
554
2602
555
557
1073
1074
566
2614
1079
2103
1081
570
2620
573
2109
63
64
1606
1099
587
76
1108
602
603
604
1123
616
1129
2156
2157
109
118
1659
2172
2174
127
1664
2180
645
646
648
1160
2187
1166
1678
2193
2195
2196
1684
1689
666
1693
1181
1695
2208
161
2210
2211
1187
164
1704
682
687
688
179
185
1210
186
2238
191
1217
2243
199
207
2256
1745
2260
724
2262
727
2269
1247
1249
1761
2274
228
233
1770
1779
244
245
761
762
252
1279
767
1793
258
1283
771
1802
1290
2316
791
796
286
287
288
2337
290
295
807
1831
2345
2346
301
2356
826
2364
832
2368
834
1349
326
327
2376
842
1867
844
848
1873
849
850
1362
2392
2399
869
872
1898
874
1387
1900
1388
1903
883
891
894
1407
1920
1921
1410
386
389
1417
396
1424
2450
1942
1944
1433
1947
1948
2461
1952
1442
423
426
2475
2478
945
946
434
1459
435
952
2488
1466
1468
1471
452
1990
457
459
1997
1999
2513
979
1493
469
470
2008
985
2009
474
2524
1508
2533
2535
487
1512
1003
493
1006
494
495
1520
1527
2041
505
1530
2042
507
2555
1020
509
123
0
1
2
4
5
6
7
8
9
10
14
16
18
19
20
21
22
23
26
27
28
29
30
31
32
33
34
39
40
41
42
43
44
45
46
47
48
49
50
51
52
53
54
55
56
57
58
59
60
61
65
66
67
68
69
70
71
72
73
77
78
79
81
82
83
84
85
86
87
89
90
92
93
94
95
96
97
98
99
106
107
108
109
110
111
112
113
116
117
118
119
120
121
122
123
124
126
127
129
130
131
132
133
134
135
137
141
142
143
144
146
147
148
149
150
151
153
154
155
157
158
159
160
