344
1536
2
1027
3
1028
4
517
5
6
1031
9
524
13
1549
14
15
527
17
18
1043
1555
1556
1046
1559
24
25
538
26
27
28
1053
1566
1055
1568
32
544
1569
34
548
36
549
550
1574
40
553
1577
556
1580
1069
557
1584
50
1586
1587
53
1078
1079
56
569
1594
570
62
574
64
65
70
71
74
75
587
1103
1107
595
597
86
599
87
600
601
90
93
94
96
1120
97
98
611
99
100
101
102
616
618
106
107
621
110
111
113
116
629
630
632
1146
1147
123
1148
125
643
133
646
649
1161
138
142
657
146
1170
659
1172
1173
152
1177
1179
669
1181
670
672
161
162
163
1191
169
1196
1197
688
690
1203
180
692
693
183
1210
699
700
1218
711
1224
1226
1227
716
718
209
1234
722
725
1238
727
215
1240
216
1241
219
1244
1245
222
224
227
1251
228
1253
229
743
745
749
1261
750
1263
1265
755
245
248
1273
1274
766
255
1281
770
260
261
1285
774
265
1289
1292
781
271
1295
1298
1299
281
284
1308
797
1310
800
801
291
804
295
297
1321
302
1332
311
1335
1338
314
828
830
1343
832
834
1348
326
328
330
843
332
844
334
335
1361
1363
343
344
345
1370
347
1372
1375
864
1379
1382
358
359
1385
363
875
366
881
371
1398
888
377
1401
891
892
893
382
383
385
388
901
389
902
391
1417
396
1421
401
914
403
404
917
405
1431
921
1434
922
924
925
932
933
1445
934
1447
935
425
426
938
1450
941
431
1460
436
437
951
953
954
1466
1471
1474
1477
967
456
1480
457
458
971
460
463
1488
977
467
979
1492
469
1493
470
1497
473
986
1500
990
1504
483
484
997
486
1510
1511
1000
1513
1003
1522
1010
501
1014
1017
1530
506
1533
1534
279
0
1
2
3
4
5
6
7
8
9
10
12
13
15
16
18
19
20
21
22
23
24
25
26
27
28
29
30
31
33
34
36
38
39
40
41
42
45
46
47
48
49
50
51
53
54
55
56
59
62
63
64
65
66
67
68
70
71
72
73
76
77
78
79
80
81
82
83
84
85
86
88
92
93
95
96
97
98
99
100
101
102
103
106
107
109
110
111
112
113
114
115
116
118
120
122
123
124
125
126
127
128
129
131
132
134
137
138
139
143
144
145
146
147
148
149
150
153
154
155
156
157
158
159
160
162
163
164
166
167
168
170
171
173
174
175
176
177
178
181
182
183
184
185
186
187
189
190
191
192
193
195
196
197
198
199
200
201
202
203
206
207
208
209
210
211
212
213
214
217
218
220
224
226
227
228
231
233
234
237
238
240
241
243
244
245
246
247
248
251
252
253
254
255
256
257
258
259
261
262
266
267
268
271
272
273
275
276
280
281
282
283
284
285
289
290
292
293
294
296
297
298
299
300
301
302
303
305
308
309
311
312
315
317
318
322
323
324
325
326
327
329
330
331
332
333
334
337
338
339
340
341
342
343
344
345
346
349
350
351
354
355
356
357
358
359
360
361
363
364
365
369
371
373
374
376
377
379
380
