2037
0
1
2
3
4100
4
5
6
7
8
9
10
11
12
13
14
4111
15
16
17
18
19
20
21
4118
22
23
24
25
26
27
28
29
30
31
32
33
34
35
4132
36
37
38
39
40
4137
41
42
43
44
4141
45
46
47
48
4145
49
4146
50
51
4148
52
53
54
55
4152
56
57
58
4155
59
60
4157
61
62
63
4159
64
65
66
67
4164
68
4165
69
70
71
72
73
74
75
4172
76
77
4174
78
79
80
4177
81
4178
82
83
84
4181
85
86
87
88
89
90
91
4188
92
93
94
95
96
97
98
99
100
101
102
4199
103
104
105
4202
106
107
108
109
110
111
112
113
114
115
116
117
118
119
120
121
122
123
124
125
126
127
128
129
130
131
132
133
134
135
136
137
138
139
140
4237
141
142
143
144
145
146
147
148
149
150
151
152
153
154
155
156
4252
157
158
159
160
161
162
4259
163
164
165
166
167
168
169
170
171
172
173
4270
174
175
176
177
178
4275
179
180
181
182
183
184
4281
185
186
187
188
189
190
191
192
193
194
195
196
197
198
199
200
4297
201
4298
202
203
204
4301
205
206
207
208
209
210
211
212
213
214
215
216
217
218
219
220
221
222
223
224
225
226
227
228
229
230
231
232
233
234
235
236
237
238
239
240
241
242
243
244
4341
245
246
247
4344
248
249
250
251
252
253
254
4351
255
256
257
258
259
260
261
262
263
264
265
266
267
268
269
270
271
272
273
274
275
276
277
278
279
4376
280
4377
281
282
283
284
285
286
4383
287
288
289
290
291
4388
292
293
294
295
296
297
298
299
300
301
302
303
4400
304
305
306
307
4404
308
309
4406
310
311
312
313
314
315
316
317
318
319
4416
320
321
322
4419
323
324
325
326
327
4424
328
329
330
331
332
333
334
335
336
4432
337
338
339
340
341
342
343
344
345
346
347
348
349
350
351
352
353
354
355
356
357
358
359
360
361
362
4459
363
364
4461
365
366
367
368
369
370
371
372
373
374
375
376
377
378
4475
379
380
4477
381
382
383
4480
384
385
386
387
388
389
390
391
392
4489
393
394
395
396
4493
397
398
399
400
401
402
403
404
405
406
407
408
409
410
411
412
413
414
415
416
417
418
4515
419
420
421
422
423
424
425
426
427
428
429
430
431
4528
432
433
434
435
436
437
438
439
440
441
442
443
444
445
446
447
448
449
450
451
452
453
4550
454
455
456
457
458
459
460
461
462
463
464
4561
465
466
467
468
469
470
471
472
473
474
475
476
477
478
479
480
481
482
4579
483
484
485
486
487
488
489
4586
490
491
492
493
494
4591
495
496
497
498
4594
499
500
501
502
503
504
505
506
4603
507
508
4605
509
510
511
512
513
514
515
516
4613
517
518
4615
519
4616
520
521
522
523
524
525
526
527
528
529
4626
530
531
4628
532
533
534
535
536
537
538
539
540
541
542
543
544
545
546
547
4644
548
4645
549
550
551
4648
552
553
554
555
556
4653
557
558
559
560
561
562
563
4660
564
4661
565
566
567
568
569
570
571
572
573
574
575
576
577
578
4675
579
580
581
582
583
4680
584
585
586
587
588
589
4686
590
591
592
593
594
595
596
4693
597
598
599
600
601
602
603
604
605
606
607
4704
608
4705
609
610
611
612
613
614
615
616
617
618
4715
619
620
621
622
623
624
625
626
627
628
629
4726
630
631
632
633
634
635
4731
636
637
638
4735
639
640
641
4738
642
643
644
645
646
647
648
649
650
651
652
653
654
655
656
657
658
4755
659
660
661
662
663
664
4761
665
666
667
668
669
670
671
4768
672
673
4770
674
675
676
677
678
679
680
681
682
4779
683
684
685
4782
686
687
688
689
690
691
4788
692
693
694
695
696
697
698
699
700
701
702
703
704
705
706
707
4804
708
709
710
4807
711
712
4809
713
714
4811
715
716
717
718
719
720
721
722
723
724
725
726
727
728
729
730
731
732
4829
733
734
735
736
737
738
4835
739
740
741
742
743
744
745
746
747
748
749
750
751
752
753
754
4851
755
756
757
758
4855
759
4856
760
761
762
763
764
765
766
767
768
769
770
771
772
773
774
775
776
777
778
4875
779
780
781
782
783
784
785
4882
786
787
788
789
790
791
792
793
794
795
796
797
798
799
800
801
802
803
804
805
806
4903
807
808
809
810
4907
811
812
813
814
815
816
817
818
819
820
4917
821
822
823
4920
824
4921
825
826
827
828
829
830
831
832
833
834
835
836
837
838
839
840
841
842
843
844
845
4942
846
847
848
849
850
851
852
853
854
855
856
857
858
859
4956
860
861
862
863
864
865
4962
866
867
4964
868
869
870
871
872
873
874
875
876
877
4974
878
879
880
881
882
4979
883
884
885
886
887
888
889
890
891
892
893
894
895
4992
896
897
898
899
900
901
902
903
5000
904
905
906
907
908
909
910
911
912
913
914
915
916
917
918
919
920
921
922
923
924
925
926
927
928
929
930
931
932
933
934
935
936
937
938
939
940
941
942
943
944
945
946
947
948
949
950
951
952
953
954
955
956
957
958
959
960
961
962
963
964
965
966
967
5064
968
969
970
971
972
973
974
975
976
977
978
979
980
981
982
5079
983
984
985
986
987
988
989
990
5087
991
992
993
994
995
996
997
998
999
1000
1001
5098
1002
1003
1004
1005
1006
1007
1008
5105
1009
5106
1010
5107
1011
1012
1013
1014
1015
1016
1017
1018
1019
1020
1021
1022
1023
1024
1025
1026
1027
1028
1029
1030
1031
1032
1033
1034
5131
1035
1036
1037
1038
1039
1040
5136
1041
1042
1043
5140
1044
1045
1046
1047
1048
5145
1049
1050
1051
1052
1053
1054
1055
5152
1056
5153
1057
1058
1059
1060
1061
1062
1063
1064
1065
1066
1067
1068
1069
1070
1071
1072
5169
1073
1074
1075
1076
1077
1078
1079
1080
1081
1082
1083
1084
1085
1086
1087
1088
1089
1090
1091
1092
1093
1094
1095
1096
1097
1098
1099
1100
1101
1102
1103
1104
1105
5202
1106
1107
1108
1109
1110
1111
5208
1112
1113
1114
1115
1116
1117
1118
1119
5216
1120
5217
1121
1122
1123
1124
5221
1125
1126
1127
1128
1129
1130
1131
1132
1133
1134
1135
1136
1137
1138
1139
5236
1140
1141
5238
1142
1143
1144
1145
1146
1147
1148
1149
1150
1151
1152
1153
1154
1155
1156
1157
1158
1159
1160
1161
1162
1163
1164
1165
1166
1167
1168
1169
1170
1171
1172
1173
1174
1175
1176
1177
1178
1179
1180
1181
5278
1182
1183
1184
1185
1186
1187
1188
1189
1190
1191
1192
1193
1194
1195
1196
1197
1198
5295
1199
1200
1201
5298
1202
5299
1203
1204
1205
1206
1207
1208
1209
1210
5307
1211
1212
1213
1214
1215
5312
1216
1217
1218
1219
1220
1221
1222
1223
1224
1225
1226
1227
1228
1229
5326
1230
1231
5327
1232
1233
1234
1235
1236
1237
5334
1238
1239
1240
1241
1242
1243
1244
5341
1245
1246
1247
1248
1249
5346
1250
1251
5348
1252
1253
5350
1254
5351
1255
1256
5353
1257
1258
1259
1260
5357
1261
1262
1263
1264
5361
1265
1266
1267
1268
1269
1270
5367
1271
1272
1273
1274
1275
1276
1277
1278
1279
1280
1281
1282
5379
1283
1284
1285
1286
1296
5395
1300
1301
1304
5407
5411
5414
5420
1329
1333
5429
1344
1346
5445
1353
1359
1363
5459
5463
1377
1385
5483
5492
1401
1402
5498
5500
5505
1409
1413
5519
5532
5533
1441
1444
5545
5556
1461
1464
5561
1475
1477
1479
1482
5578
1487
1490
1491
1495
1497
5593
5594
5601
1513
5615
5623
1536
5635
5642
1548
5644
5648
1564
1565
1573
1582
1596
1599
5695
1605
1606
5703
5704
1611
1615
5711
5715
1625
5726
1641
5739
5743
5746
1656
5754
5755
5756
1662
5759
5764
5765
1670
1672
1675
1683
5780
5782
1687
5788
1694
1702
5798
1705
5805
5811
1727
1731
5827
1738
1739
5838
5843
5845
5849
1755
5855
1762
1766
1769
5870
1776
1777
1780
1786
1795
5892
1801
5902
5907
5913
5916
5918
5923
1832
1836
5939
5945
1853
1858
5964
5965
5968
1880
5977
1885
1890
5991
1899
5999
1907
1909
1911
6007
6012
6017
1929
1936
1939
6051
1957
1958
1961
1962
6060
6063
1968
6066
1973
1975
6080
1991
1994
1995
2011
6112
6116
6121
2028
6124
2031
6128
6129
6134
2048
2051
6164
6166
2074
6173
2078
6180
6187
6194
6199
6204
2109
6205
6206
2112
6208
6214
2121
2122
2125
2126
2128
6224
6233
2138
2145
6241
6242
2147
6243
2149
6247
6255
2159
2167
6263
6264
6265
6266
6267
2176
2177
2185
6286
2192
6294
2200
6299
6308
2212
2214
2220
2221
2223
6320
6322
6333
6338
6339
2247
2248
2251
2257
2259
2264
2266
2269
6365
2270
6369
2277
6376
6381
6383
2301
2302
6400
6408
2321
2329
2334
2335
2337
6437
2342
2345
2348
6450
2356
6464
6467
2375
6481
6482
6494
2402
2408
2410
2411
6515
6519
2426
6528
2447
6551
2460
6558
6559
6560
2471
6567
2473
2476
6578
6585
6587
6589
6590
6593
6598
2507
6603
2516
2527
6624
6625
6627
2535
6636
6639
6640
2544
6641
6642
6645
6646
2551
6651
6655
2560
6657
6658
6664
6665
2574
2578
6677
2582
6689
6705
2618
6714
2620
6721
6729
2638
6748
2655
2657
2661
2664
6761
2668
2671
2672
2675
6776
2686
2694
6792
6797
2703
2704
2708
2711
2712
2713
2716
6818
6823
2738
2746
2752
6852
6859
2770
2776
2779
2788
2790
6888
6895
6896
6898
2804
6905
6913
6916
6917
6920
2826
2834
2836
6934
6938
6943
6951
6957
2861
2869
2874
6972
2879
2882
6980
6987
6992
7005
2909
7007
7009
2914
7016
7017
2926
2934
2937
2938
2939
7041
7047
2954
2956
7056
2963
2967
7088
7100
3007
7107
3013
3014
3021
7123
3030
7126
3032
3033
7133
3042
3047
7163
3070
3073
7175
7176
3081
3083
3089
3092
3093
7191
7194
7198
7199
7206
3114
3116
3125
7223
3129
3137
7235
7240
3148
3157
7259
7262
3168
7270
7272
3177
7278
3192
3198
3204
7300
3213
7328
3232
7329
3243
3244
3249
3252
3253
3255
7352
7354
3262
7360
3268
3275
3285
3306
3310
3317
3330
3335
3338
3353
3357
3360
3378
3380
3385
3389
3397
3409
3411
3417
3428
3429
3435
3436
3439
3460
3470
3476
3539
3543
3545
3552
3566
3585
3591
3593
3596
3597
3612
3624
3638
3639
3641
3642
3647
3652
3660
3670
3701
3704
3720
3723
3735
3749
3757
3766
3773
3779
3780
3781
3788
3798
3810
3815
3822
3825
3826
3851
3855
3857
3858
3860
3861
3870
3872
3873
3877
3883
3890
3891
3909
3923
3925
3945
3956
3959
3965
3968
3973
3982
3987
3989
3990
3997
4005
4007
4010
4026
4034
4035
4047
4056
4067
4072
4075
4079
4080
4088
339
0
1
2
3
4
5
6
7
8
9
10
11
12
13
14
16
17
18
19
22
24
25
26
27
28
29
30
31
32
33
34
35
38
39
41
43
44
45
46
49
50
51
52
53
54
55
56
57
58
59
61
62
63
64
66
67
68
69
71
72
73
74
75
76
78
79
80
81
82
83
84
85
86
87
89
90
91
92
94
95
96
97
98
99
100
101
102
103
104
105
106
107
108
109
110
111
115
116
117
118
120
121
122
124
125
126
127
128
129
130
132
134
135
136
138
139
140
141
142
143
144
145
146
147
148
149
150
151
152
153
154
155
157
158
159
160
161
162
163
164
165
166
167
168
169
170
171
173
174
176
177
178
181
182
183
185
186
188
189
190
191
192
193
194
195
196
197
198
199
200
201
202
205
206
207
208
209
210
211
212
213
214
215
216
217
218
219
220
221
222
223
226
229
230
231
232
233
234
236
237
238
239
240
241
242
243
244
245
246
247
249
250
251
253
255
257
258
259
260
261
262
263
264
265
267
268
269
270
271
272
273
274
276
277
278
279
280
281
282
283
284
285
286
287
288
289
290
291
292
293
295
296
297
301
302
303
304
305
306
307
308
309
310
311
312
313
314
315
316
317
318
319
320
323
324
325
326
327
328
329
330
331
332
333
334
335
336
337
338
339
340
341
342
343
344
347
348
349
350
353
355
356
357
358
359
360
361
362
363
364
366
367
368
369
370
371
372
376
377
378
379
380
381
382
383
384
385
386
387
388
389
390
391
392
393
394
395
396
401
