342
0
1025
1026
3
6
7
520
8
521
9
523
525
14
15
16
18
530
23
24
26
27
28
543
31
544
545
34
547
35
549
552
40
41
42
43
44
45
46
559
48
561
50
51
53
565
54
55
56
57
569
59
60
63
65
67
579
68
580
582
70
72
73
586
75
589
79
592
80
593
81
594
82
84
85
86
87
600
89
601
90
603
91
604
94
95
98
611
99
100
615
103
105
106
107
108
109
622
110
114
627
116
117
629
631
121
122
636
637
638
127
128
129
131
133
134
136
648
649
137
138
650
651
656
145
147
660
149
151
664
152
153
154
667
155
156
668
669
157
159
160
163
164
165
169
171
686
174
176
178
691
180
182
183
184
185
186
698
187
700
188
701
190
195
196
202
203
204
205
718
206
719
208
720
211
212
724
213
214
217
731
221
224
737
740
229
741
743
744
232
747
748
238
750
753
244
246
759
760
764
253
766
256
266
268
781
270
272
273
786
793
795
284
797
286
799
287
804
807
295
811
300
813
301
819
308
823
312
825
827
318
833
836
325
842
333
336
849
850
339
341
342
854
856
346
858
862
863
352
353
866
870
358
362
875
366
372
885
374
375
889
377
890
891
381
893
384
896
385
897
391
908
400
403
405
406
920
408
410
414
926
416
928
929
421
935
936
424
425
942
433
945
946
439
441
959
448
450
963
452
966
455
968
462
975
464
976
465
978
466
467
468
980
981
470
982
471
472
985
474
986
476
477
990
479
481
994
483
996
485
998
486
1003
492
1008
499
1011
1012
1014
1016
506
1019
1022
272
0
1
2
3
4
5
6
8
9
10
11
13
14
15
16
18
19
20
21
22
23
24
25
26
27
30
31
32
33
34
35
36
37
39
40
41
42
44
45
46
47
48
50
51
52
53
54
55
56
58
59
63
64
66
68
69
71
73
75
76
78
79
80
82
83
84
85
86
87
89
90
91
92
93
95
96
98
99
100
101
104
105
109
110
111
112
113
114
115
116
117
118
119
123
124
126
127
128
132
133
135
136
138
139
141
142
144
146
147
148
149
153
154
155
156
157
158
159
160
162
163
164
167
169
170
171
172
173
175
177
179
182
184
185
186
188
190
191
192
193
194
195
197
199
200
201
202
204
205
206
207
209
210
211
212
214
215
216
217
218
219
222
223
224
225
226
227
228
234
235
236
237
238
239
240
241
242
243
244
245
247
248
249
250
251
252
253
254
255
258
259
261
262
263
264
265
267
268
271
274
276
277
278
279
280
283
284
285
286
287
289
292
293
294
295
296
297
298
299
301
303
305
306
307
308
310
311
312
313
314
316
318
319
320
321
322
323
324
325
326
327
328
331
332
333
334
336
337
338
339
340
341
343
344
347
348
349
350
351
352
356
357
358
360
361
363
365
366
370
371
372
373
