781
0
1
2
3
4
5
6
7
8
9
10
11
12
13
14
15
16
17
2066
18
19
2067
2068
20
21
22
23
2072
24
25
26
27
28
29
30
31
32
33
34
35
36
37
38
39
40
41
2090
42
43
44
45
46
47
48
49
50
51
52
2101
53
54
55
56
2105
57
58
59
60
61
62
63
64
65
66
67
68
69
70
71
2119
72
2121
73
74
2123
75
76
77
78
79
80
81
82
83
84
85
86
87
88
89
2138
90
91
2140
92
93
94
95
96
97
98
99
100
101
102
103
104
105
106
107
108
109
110
111
112
113
114
115
116
117
2166
118
119
120
121
122
123
124
125
126
127
128
129
130
131
132
133
134
135
136
137
138
139
140
141
142
143
144
145
146
147
148
149
150
151
152
153
154
155
2204
156
157
158
159
160
161
162
163
2212
164
165
166
167
168
169
170
2219
171
172
173
174
175
176
177
178
179
180
181
182
183
184
185
2234
186
187
188
189
190
191
192
193
194
195
196
197
198
199
200
201
202
2251
203
204
205
2254
206
207
208
209
210
2259
211
212
213
214
215
216
217
218
2266
219
220
221
222
223
2271
224
2273
225
226
227
228
229
230
231
232
233
234
235
236
237
238
239
240
241
242
243
244
245
246
247
248
249
250
251
252
253
254
2303
255
256
257
258
259
260
261
262
263
264
265
266
267
268
269
2318
270
271
272
273
2322
274
275
276
277
278
279
280
281
282
283
284
285
286
287
288
289
290
291
2340
292
2341
293
294
295
296
297
298
299
300
301
302
303
304
305
306
307
308
309
310
311
312
313
314
315
316
317
318
319
320
321
322
323
324
2373
325
2374
326
327
328
329
330
331
332
333
334
335
336
337
338
339
340
341
342
343
344
345
346
347
348
349
350
351
352
353
354
355
356
357
358
359
360
2409
361
362
363
364
365
366
367
368
369
370
371
372
373
374
375
376
377
378
379
380
381
382
383
384
385
386
387
388
389
390
391
392
393
394
395
396
397
398
399
400
401
402
403
404
405
406
407
408
409
410
411
412
413
414
415
416
417
2466
418
419
420
2469
421
2470
422
423
424
425
426
427
2476
428
429
2478
430
431
432
433
434
435
436
437
438
439
440
441
442
443
444
445
446
447
448
449
450
451
452
453
454
455
456
457
458
459
460
461
462
463
464
465
466
467
2516
468
469
470
471
472
473
474
475
476
477
478
479
480
481
482
483
484
2533
485
486
487
488
2537
489
490
491
492
493
494
495
496
497
498
2547
499
500
2549
501
502
503
504
505
506
507
508
509
510
511
2560
512
513
514
515
516
517
518
519
520
521
522
523
524
525
526
527
528
529
530
531
532
2581
533
2582
534
535
536
537
538
539
540
541
542
543
544
545
546
547
548
549
550
551
552
553
554
555
556
557
558
559
560
561
562
563
564
565
566
567
568
569
2618
570
571
572
573
574
575
576
577
578
579
580
581
2630
582
2633
588
2653
2654
607
614
2667
630
2681
664
665
688
719
722
747
754
762
769
793
795
796
799
832
847
849
875
892
908
917
927
931
932
939
941
943
956
964
983
989
1006
1017
1018
1023
1025
1041
1047
1059
1083
1108
1116
1126
1130
1135
1137
1138
1140
1153
1168
1177
1181
1187
1192
1193
1203
1204
1208
1213
1215
1231
1241
1243
1245
1250
1253
1259
1263
1266
1277
1291
1297
1320
1321
1334
1338
1348
1357
1360
1389
1440
1446
1467
1475
1482
1483
1484
1494
1505
1506
1534
1535
1537
1538
1570
1597
1602
1603
1607
1650
1670
1675
1681
1683
1692
1699
1704
1707
1715
1720
1721
1742
1748
1784
1787
1798
1802
1806
1807
1811
1812
1823
1826
1835
1839
1853
1854
1866
1867
1880
1899
1921
1930
1943
1978
1980
1983
1985
1994
2009
2017
2018
2037
2045
76
0
2
3
5
6
7
8
9
10
11
12
13
14
15
16
17
18
20
21
22
24
25
26
28
29
30
31
33
34
35
36
37
38
39
40
41
43
44
45
47
48
49
50
51
52
53
54
55
56
58
59
60
61
62
63
64
65
67
68
69
70
71
73
74
75
76
77
78
79
80
82
84
85
86
87
89
