483
0
1
2
3
4
5
6
1031
7
8
9
10
11
12
13
1038
14
15
16
1041
17
18
2067
19
1044
20
21
22
23
24
25
26
27
2076
28
29
1054
2078
30
1055
31
32
2081
33
34
35
36
37
38
39
40
41
42
43
44
45
1070
46
47
48
49
50
51
52
53
1077
54
55
56
57
58
59
60
61
2110
62
63
64
65
66
67
68
69
1094
70
1095
71
72
73
74
75
76
77
78
1102
2127
79
80
1105
81
82
83
84
85
86
87
88
89
90
91
92
93
94
95
96
2145
97
98
99
100
2149
101
102
2151
103
104
1129
105
2154
106
107
108
109
110
2159
111
2160
112
113
114
115
116
1141
117
118
119
120
121
122
123
124
125
126
127
128
129
130
131
132
133
134
135
136
137
138
139
140
1165
141
142
143
144
145
146
1171
147
148
1173
149
150
1174
2199
151
2200
152
153
154
1179
2203
155
156
157
158
1183
159
2208
160
161
162
163
164
165
2214
166
167
168
169
170
171
172
173
1198
174
2223
175
176
2224
177
178
179
180
181
182
183
184
185
186
187
188
189
1214
190
191
192
193
194
195
2244
196
197
198
199
200
201
2250
202
203
204
1229
205
206
207
1232
208
209
210
211
212
213
214
215
216
1240
217
218
219
220
221
1245
1246
222
223
224
225
226
1251
227
228
229
230
231
232
233
234
235
236
237
238
239
240
241
242
243
244
249
252
257
259
1284
1286
263
1293
1307
287
298
315
1339
1342
1345
1350
328
1357
1360
1365
342
345
347
1381
360
1388
365
1398
376
1406
385
390
391
1420
1421
1423
405
1429
409
414
420
422
1448
1450
1459
435
1464
1466
1471
451
1497
481
1518
1524
1525
507
1532
1535
517
526
542
1571
1572
1577
1582
560
1586
564
571
1605
582
584
587
590
593
1623
599
1628
606
1635
615
1640
1644
627
1652
1656
1657
634
1661
637
639
1665
1667
644
1669
646
1674
654
656
657
1684
660
662
1698
676
1703
1704
683
686
690
1714
1722
1726
1740
1741
718
723
726
1751
1762
738
745
1769
1773
1774
1782
765
766
1794
1795
772
1799
776
1800
780
1806
1813
1814
792
1823
1824
1828
1829
822
832
836
837
839
1866
846
850
1879
861
867
1891
1894
1901
880
1909
1911
1913
1925
1926
903
1934
1945
1948
1954
1955
933
934
1965
948
951
1982
1984
1987
973
982
985
998
2025
2026
2027
1007
1010
1014
1017
2044
92
128
0
129
2
130
131
132
4
5
6
7
8
9
11
12
15
16
17
18
19
20
22
23
24
25
26
27
28
29
31
32
34
35
36
37
38
39
40
42
44
45
47
48
49
50
51
52
53
55
58
60
61
62
64
69
70
71
72
78
79
81
82
83
84
85
86
87
91
92
93
95
98
100
101
102
103
104
105
106
107
109
110
111
112
113
114
120
122
123
124
125
126
