1281
4096
0
1
4098
2
3
6148
4
5
8198
4102
6
2055
7
2056
4104
8
9
2057
10
11
12
6157
13
14
2063
15
6160
16
4113
2065
17
18
2067
19
20
4117
21
8214
2070
22
23
24
4121
25
26
27
28
4125
29
30
6175
31
32
4129
2081
6177
33
34
35
8228
2084
36
8229
37
2086
38
4135
8231
39
40
8233
41
4138
42
43
44
45
4142
46
47
48
49
6193
8242
50
6195
51
52
53
54
6199
55
8248
56
57
8250
58
59
6204
2108
60
61
62
4159
63
64
2113
65
8257
2114
6210
66
6211
67
68
4164
4165
8261
69
70
6215
8263
71
72
2121
73
74
8267
75
76
2124
77
78
4175
79
4176
80
4177
81
82
83
84
6229
85
86
8279
87
88
4185
89
90
91
92
8285
93
94
95
4192
96
97
4194
98
4195
99
4196
100
4197
101
4198
6246
102
103
8296
104
105
6250
106
107
4204
108
4205
109
8302
110
111
112
113
114
2163
115
116
117
118
119
120
2169
4217
121
122
123
124
125
126
127
8319
4224
128
129
130
131
2180
132
133
6278
134
2183
135
6280
136
137
4233
138
6282
139
6284
140
6285
141
142
6287
143
144
145
146
147
6292
148
149
2198
150
151
152
6297
153
4249
154
4251
155
156
157
158
4255
159
6304
160
161
162
163
4260
164
165
166
167
4264
168
169
2218
170
6315
171
6316
172
173
174
175
176
177
2226
4274
178
6323
179
4276
180
181
182
183
184
185
186
187
188
189
6334
190
191
6336
192
193
194
2243
195
6340
4292
196
197
198
6343
199
200
201
202
203
2251
204
205
6350
206
207
208
209
4306
210
211
212
2261
213
214
215
6360
6364
4316
226
4328
233
4330
235
6380
6382
240
4341
6389
245
4345
250
6398
2302
6401
6402
6404
261
4365
6414
2322
6419
275
277
6421
2326
6422
2329
4386
291
2341
293
6438
2343
4393
300
6444
6448
305
2357
310
2363
6463
326
328
4425
6476
6477
2382
335
338
2386
6487
345
4442
2394
6490
4443
348
351
2399
4449
6501
6502
4454
359
364
366
371
6515
375
4476
4478
383
6527
4483
4484
6533
4488
393
397
6541
398
403
2452
6550
6551
2460
413
6559
2466
6562
419
6563
420
6564
2469
4520
6572
4524
6573
4526
432
6578
4532
6580
2486
4535
2493
2496
6593
4546
6597
6598
455
4552
4554
459
4555
2508
4557
6606
465
6610
2515
469
470
2520
4570
6620
477
478
479
2527
4577
2529
4579
488
2537
6634
2539
6635
4588
6638
495
6640
4593
4594
505
509
6654
4606
6656
2561
513
515
2563
6659
6662
520
4617
522
4621
6670
527
6671
4626
4629
4630
536
2593
4643
6692
2596
6694
4650
2608
6707
563
4660
566
4663
2615
570
2624
4672
4673
2628
2629
4677
6727
583
2632
6731
4686
594
6738
2642
2643
4692
2645
598
602
6748
2653
4702
609
2662
6758
6759
6761
6767
6769
6771
628
4724
629
6777
6778
4730
4733
6782
638
2687
4735
6783
4736
6785
4738
4739
6787
2691
2692
2698
652
4748
656
6800
6801
657
4756
6809
671
2723
6819
4777
684
4786
4787
692
2745
4796
4798
6847
6849
6850
710
711
2759
2760
2761
6857
4809
6858
2763
2764
718
2768
2772
4820
4821
6870
4823
4824
729
6873
6875
6880
6884
4838
743
6887
2793
2797
4845
750
2802
2805
759
762
763
4860
2813
4863
6912
6914
2820
6917
4872
6922
4875
779
4876
4877
6926
2831
4880
2833
786
4884
791
4888
2840
794
2843
6941
2845
4893
6943
4900
2857
6956
2861
2862
2866
6962
6963
4919
2877
830
2878
6976
4932
2884
2885
6981
4935
6983
4937
2892
2893
6989
849
853
2903
2904
858
2907
7003
860
863
2914
7010
7011
7020
7028
2933
7031
2936
4984
4987
7035
894
4990
2944
2950
907
7052
5006
910
912
5011
919
5017
7069
927
5026
2979
7076
7078
2986
938
7084
7086
2991
2992
944
945
946
7092
5045
7094
2999
5049
7100
3006
3007
3008
7107
7109
968
969
5066
5069
7118
5070
5073
979
3028
5077
7126
5079
7128
3036
7134
7135
5088
7137
5089
997
7142
3048
7146
5098
3051
3053
1005
5103
5104
1009
3057
7155
3061
7157
3068
5118
7167
7171
5124
3077
1029
7175
1035
3087
5138
7187
5140
1047
5143
1052
3102
7200
1058
5157
3110
3111
1065
1066
5166
1072
5169
7219
7220
1077
7224
1081
5181
7229
1092
3143
1096
5195
5196
7246
3156
7253
3157
5206
5207
5209
5213
1117
1118
7262
7263
7264
3170
5221
7273
3181
1139
5237
1143
5240
7292
5244
1150
3202
3203
3207
1165
7315
1173
3224
3227
7323
1180
7325
5278
3230
5282
1187
5286
3238
5287
3239
1192
7336
1193
5292
7343
7349
3254
1209
1210
5308
5311
3264
7360
5314
7362
3267
7363
1220
1222
7366
5318
7370
3276
7374
7377
5333
3286
1239
5335
7383
1247
3296
1248
7397
5350
1255
1261
5357
5358
7409
5363
3315
7412
5367
1277
3325
1282
3337
1293
3347
1301
7447
1303
1304
3352
1308
5406
1311
3359
1315
7461
7468
3374
3375
1328
5426
5429
7478
5436
7485
5438
3391
7495
3400
5450
3402
7503
1361
5458
3414
1366
3418
7514
7515
7516
3422
5470
5473
7525
1386
1387
5488
1393
7538
3442
7545
7546
7547
5499
5504
3457
5506
1411
3461
1415
3464
1417
3467
5516
7565
3469
5517
3470
7566
7567
1425
7570
1427
5523
5527
7575
1433
1434
3483
1437
3487
7584
5537
3489
7587
5540
1444
3493
5547
5548
1452
7600
3508
7607
7609
3516
3517
5566
7615
3519
5567
5572
1481
1482
3534
7632
1490
3539
7637
1496
5593
3546
1505
5603
3556
3560
1512
7659
7660
5619
1527
5626
3579
3582
5632
5633
3588
5638
1543
3592
3594
7693
1552
3602
1555
1557
7704
7709
5663
5666
5667
3619
5668
5671
5674
7723
5675
5676
3629
1582
3633
3635
7732
3637
3639
5687
1593
5693
7741
1599
1602
1603
5700
1605
5702
3655
5708
7756
7757
1618
3666
3667
1619
5719
5720
7770
3674
1628
5725
7773
3681
5730
3685
7783
3687
3688
7787
5739
7792
1649
7794
3700
3701
5752
1662
7807
3711
7810
3714
1667
1668
7812
5765
7814
3719
1673
3722
1678
7826
5779
3735
3736
5788
3742
5790
5792
7846
5800
7849
5804
1710
3761
1720
5818
1723
1726
7871
1728
1729
7873
7876
3783
7879
1736
7882
7883
3788
7884
5838
7887
3792
1745
3793
1747
3795
3796
7893
1750
5851
5852
1757
3807
1760
5858
3811
3813
5862
1766
7915
1773
3823
5871
1777
3826
7926
3831
3834
1787
5884
1789
3842
7945
3851
1807
5904
5908
1813
3861
1814
3862
3863
7961
3866
3871
3873
5922
5925
1830
3881
7978
7979
7980
1837
5933
7982
1840
3892
5941
7991
1848
5945
3900
5949
3901
1854
5951
8009
8013
8015
5967
5973
1877
3927
5975
1884
5980
5981
3938
5988
8038
1898
8043
5996
3954
6002
3955
6005
3961
8058
6010
1921
1922
1925
6021
1928
3978
6031
1939
8084
8086
6040
3993
1951
6054
1960
1962
4011
1967
8114
1970
4022
6071
8123
1985
4037
4038
6086
6090
4043
4044
2003
8148
6101
8152
4061
2014
4065
8165
6118
2025
2026
8171
6124
8172
2029
6126
8174
6127
4080
6128
4084
4086
6134
2040
6138
6143
133
0
1
2
3
4
5
6
8
9
10
12
14
15
16
17
18
19
20
21
22
23
24
27
28
29
30
31
32
33
35
41
42
43
44
45
46
47
48
49
50
51
56
57
58
60
61
62
63
64
65
66
67
72
73
74
75
76
77
78
79
80
81
84
85
86
87
88
89
90
91
92
94
97
98
99
100
101
103
104
105
106
107
108
109
113
114
115
116
117
118
119
121
122
125
127
128
129
130
131
132
133
134
135
137
141
142
143
144
145
146
147
148
149
150
151
155
156
157
158
159
160
161
162
163
164
167
168
170
171
172
173
174
175
