646
9216
6144
10246
8198
6151
1033
8201
3083
6155
5132
14
9231
19
9235
4116
10261
8213
1046
7192
6171
8220
7197
3101
7198
3104
33
3106
4131
37
7211
43
1070
4144
6194
50
10291
5172
9269
4151
2103
10297
4153
1083
8254
1086
3136
10305
1089
6213
2118
7238
9287
1096
1099
8268
9294
3152
4178
6227
9299
4181
10326
3160
1114
9307
1115
9308
2141
7262
6238
2142
1120
4193
8290
9315
1124
9317
7271
2152
9322
5230
2158
7279
2159
3186
5236
6262
1145
122
3198
1150
2176
1152
9347
2180
6277
2182
137
144
3216
1169
5267
4244
9365
7318
3222
2200
1178
159
1187
9380
6308
2213
167
1191
168
7339
5292
1198
5297
177
3249
9394
1203
7347
2227
9396
1212
3261
9407
3266
2248
2251
3277
6352
3281
5329
6359
4319
9439
223
1248
9442
2276
4328
6377
3310
238
1264
2292
2294
4344
250
9467
8444
3329
9474
5380
2309
264
6409
9486
7439
4373
6421
3349
9493
3351
9497
1308
4382
5408
1313
3362
2338
3363
7461
6438
7462
2343
295
9512
5420
8493
3373
304
2355
1332
308
2358
310
1338
316
2366
9534
4415
2368
2370
6466
3397
5447
2376
1354
331
332
2385
8530
7509
2391
1369
5467
9565
1373
3421
1377
9570
2403
5475
356
2405
2406
4455
9575
360
1386
2411
8560
4465
1394
5491
7540
6517
9589
373
8567
5496
379
8572
5502
1406
2432
1409
6531
5508
6533
393
7564
8589
5518
3472
2448
1426
402
7572
9621
409
2458
3487
4513
3489
1444
7589
6566
2472
424
1449
426
5549
1456
7600
435
3507
8630
2486
7607
444
2495
5571
3523
457
1481
458
1482
2512
2514
6610
470
8666
4571
1501
2528
481
8673
9697
1507
487
3559
5608
3561
489
9707
3568
5616
5617
8691
1526
3574
1528
8697
509
7678
3585
3586
514
1538
2562
5638
6662
518
1545
522
3597
4622
5650
4627
4628
7702
1559
536
539
7707
9758
1566
1569
9762
548
9765
2598
9767
6697
8749
9773
2605
559
7728
3637
2615
2616
6717
6718
2622
2625
1606
6727
3655
3657
6730
9802
9803
4683
7758
1616
6737
8786
9810
595
7764
1621
2645
8792
9818
6747
1629
6752
2657
2662
614
3686
8807
5740
3696
4720
1652
6776
8827
3708
4733
6782
2687
8832
8833
1665
641
3713
2690
3715
9863
6791
648
4744
3720
2699
9869
1677
5774
1678
1679
8847
1682
1686
1689
8858
4763
2716
7839
671
2725
4773
677
3749
1702
9898
1707
683
3760
690
2739
5812
7861
6838
4792
3769
1721
6846
3774
704
1729
7876
3780
2757
5832
7881
1737
2761
714
8908
1740
718
719
9935
4816
7888
720
6865
4817
3795
9940
2775
2778
1756
4831
1765
4838
9962
747
6894
750
752
3825
7922
1781
4855
1784
762
5884
764
1797
773
774
2825
7945
5899
4876
1804
3855
786
7957
1815
6938
5914
7967
10016
2848
4898
7970
2851
4900
1833
2857
5930
9002
6955
9006
2862
2864
3891
819
1844
9013
4917
2870
1848
2872
3897
826
4922
2875
3899
7996
828
10047
3903
3904
5953
834
3906
1860
3908
6980
4934
3911
8008
3912
1868
3917
9037
9038
4945
2902
6999
3927
10074
2911
2915
868
7012
5989
8037
8038
9063
872
1898
3948
10093
5999
881
3953
2930
1907
9077
2934
8057
4985
3962
890
3963
9086
9089
1924
10117
7045
2950
8071
904
2954
2956
8082
6035
1943
5025
9122
10146
933
9129
10156
5040
10161
1969
946
9140
948
10164
1972
5046
4025
6075
9149
1982
3007
1983
3009
3010
5059
3011
5060
6086
1991
1992
1995
1996
973
2000
4049
2006
10198
4056
2010
8155
988
989
2013
6111
7137
993
2019
8163
996
999
9192
2024
9193
2026
7148
5104
1009
7153
1010
6132
7158
2038
6137
7164
5117
6142
3071
2047
123
0
2
3
4
5
7
8
9
10
15
17
18
19
20
21
22
23
25
29
30
31
32
33
34
35
37
39
42
43
44
45
46
47
48
50
51
52
56
57
58
59
60
61
62
63
64
65
66
67
73
74
75
76
77
78
79
80
81
82
85
86
87
88
89
91
92
94
95
99
100
101
102
103
105
106
107
108
110
115
116
117
118
119
120
122
123
124
129
130
131
132
134
135
137
138
139
144
145
146
147
148
149
150
151
153
154
158
159
160
161
162
163
164
166
171
172
173
174
175
176
177
178
180
